1256
1275
1272
1225
1220
1284
1234
1291
1286
1230
1281
1254
1243
1307
1247
1281
1358
1306
1252
1247
1258
1289
1267
1249
1250
1328
1275
1259
1326
1278
1291
1185
1198
1299
1277
1299
1237
1239
1260
1308
1238
1235
1195
1235
1233
1293
1319
1278
1265
1334
1257
1254
1254
1208
1288
1222
1252
1246
1270
1256
1254
1263
1234
1312
1322
1247
1237
1259
1312
1253
1292
1273
1247
1184
1300
1353
1236
1262
1226
1223
1256
1249
1307
1213
1270
1260
1267
1293
1283
1242
1265
1231
1273
1277
1271
1259
1269
1249
1282
1233
1213
1247
1231
1235
1239
1297
1180
1251
1253
1223
1274
1248
1265
1214
1304
1279
1276
1342
1267
1233
1271
1208
1235
1315
1238
1295
1236
1265
1233
1195
1259
1208
1277
1239
1277
1295
1278
1236
1278
1227
1263
1238
1240
1252
1253
1325
1325
1245
1281
1289
1282
1267
1306
1249
1272
1228
1320
1238
1214
1271
1229
1296
1319
1274
1288
1211
1229
1232
1217
1324
1315
1247
1228
1233
1323
1271
1219
1254
1263
1211
1254
1258
1254
1281
1283
1294
1247
1223
1222
1295
1261
1254
1307
1211
1270
1273
1289
1312
1267
1268
1310
1226
1276
1307
1299
1224
1290
1251
1261
1193
1280
1276
1282
1236
1251
1243
1330
1280
1257
1227
1301
1294
1282
1308
1215
1243
1267
1259
1249
1257
1234
1254
1238
1286
1236
1278
1297
1241
1238
1330
1329
1284
1234
1291
1270
1262
1289
1264
1268
1310
1255
1259
1307
1262
1264
1216
1240
1312
1214
1252
1272
1305
1267
1287
1235
1234
1232
1278
1233
1279
1265
1289
1235
1232
1366
1285
1266
1280
1251
1260
1202
1204
1244
1241
1257
1305
1250
1272
1250
1269
1208
1268
1247
1326
1248
1219
1286
1292
1286
1324
1294
1264
1290
1252
1293
1254
1168
1260
1272
1298
1243
1263
1283
1231
1266
1244
1260
1255
1296
1243
1342
1222
1263
1279
1242
1260
1226
1294
1209
1267
1340
1274
1303
1295
1210
1279
1239
1198
1247
1232
1236
1294
1269
1267
1285
1284
1225
1273
1235
1230
1238
1264
1294
1251
1236
1240
1277
1243
1303
1276
1267
1221
1238
1306
1247
1247
1281
1248
1251
1228
1262
1303
1254
1259
1227
1270
1241
1248
1283
1233
1195
1274
1277
1275
1316
1324
1238
1245
1279
1282
1264
1287
1235
1311
1256
1231
1249
1240
1257
1280
1254
1262
1340
1244
1261
1312
1292
1267
1223
1238
1235
1250
1245
1285
1285
1252
1290
1241
1219
1340
1278
1267
1273
1310
1258
1223
1256
1271
1259
1247
1305
1217
1236
1306
1254
1280
1321
1250
1223
1258
1271
1274
1258
1283
1215
1241
1241
1280
1235
1328
1231
1205
1272
1271
1254
1263
1237
1289
1235
1256
1262
1263
1241
1286
1254
1274
1281
1264
1254
1263
1246
1267
1253
1289
1231
1267
1323
1292
1262
1299
1295
1231
1279
1278
1297
1247
1218
1284
1253
1281
1259
1303
1253
1293
1252
1348
1252
1254
1317
1241