915 362.5
987 352.5
961 342.5
916 332.5
996 322.5
977 312.5
975 302.5
969 292.5
975 282.5
949 272.5
967 262.5
896 252.5
985 242.5
1010 232.5
951 222.5
904 212.5
941 202.5
1002 192.5
988 182.5
973 172.5
1010 162.5
931 152.5
904 142.5
2457 132.5
3436 122.5
3504 112.5
3574 102.5
3516 92.5
3516 82.5
3603 72.5
3577 62.5
3507 52.5
3540 42.5
3512 32.5
3501 22.5
3553 12.5
3500 2.5
3427 -7.5
3441 -17.5
2128 -27.5
935 -37.5
1015 -47.5
1008 -57.5
935 -67.5
996 -77.5
906 -87.5
993 -97.5
1027 -107.5
1023 -117.5
999 -127.5
982 -137.5
908 -147.5
1014 -157.5
975 -167.5
942 -177.5
943 -187.5
976 -197.5
980 -207.5
908 -217.5
980 -227.5
951 -237.5
1021 -247.5
913 -257.5
1003 -267.5
1019 -277.5
924 -287.5
973 -297.5
947 -307.5
878 -317.5
1004 -327.5
927 -337.5
950 -347.5
968 -357.5