919 362.5
1059 352.5
991 342.5
1000 332.5
963 322.5
958 312.5
963 302.5
963 292.5
901 282.5
991 272.5
946 262.5
1016 252.5
1022 242.5
959 232.5
924 222.5
951 212.5
948 202.5
956 192.5
992 182.5
992 172.5
901 162.5
943 152.5
1540 142.5
2953 132.5
3511 122.5
3644 112.5
3530 102.5
3516 92.5
3527 82.5
3602 72.5
3533 62.5
3582 52.5
3585 42.5
3539 32.5
3599 22.5
3435 12.5
2932 2.5
2078 -7.5
1606 -17.5
1215 -27.5
1015 -37.5
988 -47.5
1008 -57.5
996 -67.5
891 -77.5
941 -87.5
974 -97.5
891 -107.5
966 -117.5
936 -127.5
959 -137.5
1024 -147.5
935 -157.5
977 -167.5
960 -177.5
966 -187.5
944 -197.5
1010 -207.5
983 -217.5
960 -227.5
945 -237.5
940 -247.5
956 -257.5
1056 -267.5
908 -277.5
949 -287.5
948 -297.5
929 -307.5
988 -317.5
956 -327.5
933 -337.5
958 -347.5
990 -357.5