1022 362.5
948 352.5
1016 342.5
967 332.5
948 322.5
971 312.5
913 302.5
952 292.5
926 282.5
942 272.5
960 262.5
992 252.5
892 242.5
956 232.5
976 222.5
947 212.5
1047 202.5
1022 192.5
1031 182.5
1129 172.5
1114 162.5
1507 152.5
1927 142.5
2215 132.5
2786 122.5
2988 112.5
3244 102.5
3531 92.5
3509 82.5
3491 72.5
3534 62.5
3495 52.5
3464 42.5
3483 32.5
3399 22.5
3154 12.5
2729 2.5
2285 -7.5
1946 -17.5
1600 -27.5
1312 -37.5
1178 -47.5
1057 -57.5
1020 -67.5
1024 -77.5
953 -87.5
936 -97.5
916 -107.5
953 -117.5
953 -127.5
941 -137.5
969 -147.5
978 -157.5
972 -167.5
938 -177.5
969 -187.5
996 -197.5
1014 -207.5
1001 -217.5
921 -227.5
858 -237.5
919 -247.5
960 -257.5
966 -267.5
883 -277.5
926 -287.5
993 -297.5
977 -307.5
929 -317.5
999 -327.5
947 -337.5
993 -347.5
918 -357.5