932 362.5
891 352.5
973 342.5
1028 332.5
945 322.5
988 312.5
945 302.5
880 292.5
925 282.5
1021 272.5
1010 262.5
963 252.5
864 242.5
968 232.5
980 222.5
1033 212.5
993 202.5
1083 192.5
1130 182.5
1256 172.5
1245 162.5
1547 152.5
1707 142.5
1960 132.5
2189 122.5
2462 112.5
2768 102.5
3120 92.5
3243 82.5
3524 72.5
3568 62.5
3519 52.5
3418 42.5
3339 32.5
3199 22.5
2900 12.5
2559 2.5
2165 -7.5
1905 -17.5
1543 -27.5
1383 -37.5
1167 -47.5
1317 -57.5
1122 -67.5
1045 -77.5
1107 -87.5
954 -97.5
951 -107.5
984 -117.5
991 -127.5
955 -137.5
978 -147.5
984 -157.5
987 -167.5
951 -177.5
906 -187.5
915 -197.5
1004 -207.5
1000 -217.5
1023 -227.5
992 -237.5
970 -247.5
932 -257.5
951 -267.5
980 -277.5
968 -287.5
949 -297.5
908 -307.5
1031 -317.5
913 -327.5
990 -337.5
961 -347.5
973 -357.5