992 362.5
946 352.5
992 342.5
948 332.5
961 322.5
1004 312.5
957 302.5
954 292.5
879 282.5
941 272.5
1036 262.5
1006 252.5
1002 242.5
1049 232.5
1027 222.5
1020 212.5
1102 202.5
1107 192.5
1133 182.5
1250 172.5
1410 162.5
1626 152.5
1507 142.5
1723 132.5
1968 122.5
2278 112.5
2252 102.5
2604 92.5
2756 82.5
3041 72.5
3130 62.5
3271 52.5
3276 42.5
3194 32.5
3214 22.5
2908 12.5
2631 2.5
2355 -7.5
2034 -17.5
1969 -27.5
1533 -37.5
1456 -47.5
1405 -57.5
1312 -67.5
1156 -77.5
1085 -87.5
1048 -97.5
1052 -107.5
1064 -117.5
1043 -127.5
1084 -137.5
1011 -147.5
1030 -157.5
967 -167.5
972 -177.5
978 -187.5
952 -197.5
905 -207.5
840 -217.5
940 -227.5
942 -237.5
979 -247.5
980 -257.5
955 -267.5
956 -277.5
963 -287.5
979 -297.5
963 -307.5
925 -317.5
978 -327.5
1023 -337.5
929 -347.5
943 -357.5