1043 362.5
978 352.5
955 342.5
1024 332.5
949 322.5
917 312.5
993 302.5
966 292.5
929 282.5
1062 272.5
954 262.5
990 252.5
1040 242.5
1039 232.5
1078 222.5
1059 212.5
1239 202.5
1187 192.5
1276 182.5
1400 172.5
1543 162.5
1705 152.5
1728 142.5
1712 132.5
1842 122.5
2001 112.5
2251 102.5
2441 92.5
2540 82.5
2685 72.5
2592 62.5
2761 52.5
3036 42.5
2865 32.5
2712 22.5
2491 12.5
2231 2.5
2112 -7.5
1825 -17.5
1753 -27.5
1608 -37.5
1641 -47.5
1408 -57.5
1278 -67.5
1223 -77.5
1194 -87.5
1124 -97.5
1066 -107.5
1035 -117.5
1080 -127.5
1008 -137.5
1032 -147.5
975 -157.5
955 -167.5
1017 -177.5
954 -187.5
970 -197.5
896 -207.5
979 -217.5
944 -227.5
1036 -237.5
936 -247.5
936 -257.5
1033 -267.5
952 -277.5
960 -287.5
1018 -297.5
956 -307.5
1047 -317.5
937 -327.5
983 -337.5
966 -347.5
934 -357.5