1037 362.5
985 352.5
983 342.5
938 332.5
967 322.5
976 312.5
965 302.5
1011 292.5
1053 282.5
957 272.5
992 262.5
1026 252.5
1147 242.5
1096 232.5
1098 222.5
1198 212.5
1300 202.5
1230 192.5
1355 182.5
1486 172.5
1441 162.5
1440 152.5
1678 142.5
1665 132.5
1821 122.5
2068 112.5
1967 102.5
2332 92.5
2427 82.5
2299 72.5
2536 62.5
2504 52.5
2711 42.5
2450 32.5
2416 22.5
2269 12.5
2168 2.5
2100 -7.5
1918 -17.5
1817 -27.5
1686 -37.5
1578 -47.5
1505 -57.5
1398 -67.5
1383 -77.5
1172 -87.5
1253 -97.5
1187 -107.5
1075 -117.5
963 -127.5
1062 -137.5
1032 -147.5
940 -157.5
935 -167.5
995 -177.5
1015 -187.5
896 -197.5
1001 -207.5
952 -217.5
1002 -227.5
965 -237.5
941 -247.5
908 -257.5
874 -267.5
890 -277.5
961 -287.5
916 -297.5
977 -307.5
1029 -317.5
979 -327.5
927 -337.5
964 -347.5
981 -357.5