955 362.5
988 352.5
988 342.5
1013 332.5
976 322.5
920 312.5
986 302.5
956 292.5
1132 282.5
1005 272.5
1052 262.5
1078 252.5
1074 242.5
1058 232.5
1086 222.5
1185 212.5
1087 202.5
1214 192.5
1340 182.5
1399 172.5
1397 162.5
1392 152.5
1439 142.5
1570 132.5
1719 122.5
1704 112.5
1915 102.5
2071 92.5
2140 82.5
2120 72.5
2237 62.5
2167 52.5
2221 42.5
2206 32.5
2200 22.5
2011 12.5
1858 2.5
1816 -7.5
1777 -17.5
1631 -27.5
1626 -37.5
1568 -47.5
1351 -57.5
1435 -67.5
1351 -77.5
1182 -87.5
1155 -97.5
1202 -107.5
1244 -117.5
1174 -127.5
1135 -137.5
1024 -147.5
1016 -157.5
955 -167.5
1014 -177.5
954 -187.5
1004 -197.5
961 -207.5
966 -217.5
963 -227.5
959 -237.5
944 -247.5
968 -257.5
968 -267.5
1019 -277.5
976 -287.5
1024 -297.5
938 -307.5
974 -317.5
905 -327.5
1015 -337.5
1006 -347.5
987 -357.5