945 362.5
936 352.5
970 342.5
975 332.5
974 322.5
1024 312.5
1011 302.5
1051 292.5
1070 282.5
1040 272.5
1035 262.5
1072 252.5
1087 242.5
1188 232.5
1160 222.5
1125 212.5
1240 202.5
1194 192.5
1232 182.5
1335 172.5
1398 162.5
1365 152.5
1449 142.5
1508 132.5
1577 122.5
1575 112.5
1638 102.5
1684 92.5
1812 82.5
1770 72.5
1720 62.5
1961 52.5
1982 42.5
1964 32.5
2013 22.5
1987 12.5
2059 2.5
1825 -7.5
1840 -17.5
1792 -27.5
1728 -37.5
1646 -47.5
1437 -57.5
1399 -67.5
1316 -77.5
1268 -87.5
1398 -97.5
1202 -107.5
1184 -117.5
1330 -127.5
1091 -137.5
1183 -147.5
1109 -157.5
1109 -167.5
1056 -177.5
1061 -187.5
1091 -197.5
971 -207.5
980 -217.5
901 -227.5
1028 -237.5
950 -247.5
939 -257.5
957 -267.5
957 -277.5
954 -287.5
911 -297.5
893 -307.5
959 -317.5
943 -327.5
941 -337.5
881 -347.5
932 -357.5