928 362.5
966 352.5
967 342.5
1014 332.5
973 322.5
970 312.5
1063 302.5
994 292.5
979 282.5
982 272.5
991 262.5
1052 252.5
1092 242.5
1084 232.5
1057 222.5
1147 212.5
1225 202.5
1135 192.5
1257 182.5
1198 172.5
1293 162.5
1259 152.5
1353 142.5
1311 132.5
1477 122.5
1583 112.5
1507 102.5
1691 92.5
1587 82.5
1732 72.5
1696 62.5
1860 52.5
1768 42.5
1769 32.5
1852 22.5
1784 12.5
1785 2.5
1807 -7.5
1626 -17.5
1708 -27.5
1666 -37.5
1580 -47.5
1498 -57.5
1431 -67.5
1395 -77.5
1512 -87.5
1360 -97.5
1346 -107.5
1202 -117.5
1256 -127.5
1196 -137.5
1165 -147.5
1168 -157.5
1032 -167.5
1042 -177.5
972 -187.5
1016 -197.5
958 -207.5
1052 -217.5
1063 -227.5
964 -237.5
943 -247.5
891 -257.5
956 -267.5
1034 -277.5
1052 -287.5
941 -297.5
963 -307.5
1018 -317.5
947 -327.5
1004 -337.5
984 -347.5
913 -357.5