1503
1472
1416
1451
1433
1473
1411
1496
1452
1522
1496
1473
1409
1453
1468
1489
1469
1528
1396
1479
1471
1475
1415
1510
1445
1509
1441
1399
1462
1550
1459
1505
1454
1529
1445
1511
1484
1453
1455
1465
1575
1479
1486
1507
1485
1493
1497
1483
1464
1431
1568
1456
1535
1475
1514
1502
1452
1452
1475
1565
1526
1458
1528
1490
1438
1497
1518
1489
1461
1488
1572
1427
1549
1449
1569
1551
1442
1482
1542
1524
1541
1499
1436
1465
1413
1479
1519
1499
1455
1484
1469
1459
1432
1492
1468
1440
1514
1480
1497
1487
1536
1509
1444
1430
1445
1470
1562
1468
1472
1455
1463
1479
1437
1529
1472
1490
1447
1499
1505
1488
1475
1457
1487
1585
1486
1479
1510
1532
1500
1477
1463
1467
1463
1495
1445
1455
1508
1480
1534
1447
1526
1481
1536
1458
1465
1406
1429
1545
1430
1584
1494
1478
1420
1524
1437
1423
1478
1425
1479
1483
1420
1531
1450
1446
1494
1460
1504
1500
1465
1446
1539
1486
1515
1477
1497
1449
1468
1497
1543
1502
1459
1425
1473
1468
1493
1528
1504
1528
1528
1471
1506
1508
1484
1519
1543
1480
1529
1476
1472
1422
1455
1443
1462
1452
1446
1460
1504
1464
1454
1478
1477
1428
1436
1437
1460
1456
1423
1468
1502
1494
1496
1512
1456
1511
1504
1524
1474
1496
1505
1542
1487
1499
1490
1484
1433
1532
1464
1546
1468
1471
1486
1486
1523
1489
1489
1575
1448
1500
1546
1447
1444
1501
1490
1468
1435
1496
1527
1434
1443
1508
1391
1465
1448
1526
1469
1497
1422
1475
1468
1436
1511
1556
1460
1500
1514
1477
1520
1449
1500
1491
1566
1388
1504
1508
1479
1477
1515
1542
1404
1486
1477
1540
1472
1440
1496
1523
1558
1439
1499
1462
1462
1482
1443
1457
1580
1440
1500
1497
1432
1500
1495
1456
1541
1422
1454
1490
1423
1423
1500
1427
1475
1512
1473
1517
1494
1476
1475
1472
1511
1503
1435
1554
1442
1484
1501
1541
1466
1452
1519
1507
1375
1484
1477
1438
1434
1515
1481
1463
1499
1522
1538
1498
1432
1495
1483
1537
1497
1498
1494
1499
1411
1483
1466
1483
1545
1503
1476
1449
1470
1452
1510
1519
1496
1549
1507
1510
1455
1511
1505
1529
1409
1484
1511
1457
1455
1486
1505
1484
1506
1522
1448
1502
1511
1523
1561
1517
1498
1465
1516
1456
1480
1476
1554
1536
1501
1431
1538
1410
1528
1458
1463
1480
1554
1448
1472
1495
1432
1472
1524
1429
1483
1484
1537
1504
1451
1452
1498
1475
1445
1460
1496
1525
1475
1482
1505
1456
1498
1473
1469
1473
1473
1527
1452
1486
1440
1528
1552
1489
1449
1474
1435
1497
1448
1587
1452
1495
1512
1472
1414
1488
1439
1528
1480
1518
1531
1476
1506
1527
1505
1412
1467
1458
1502
1403
1476
1438
1556
1470
1483
1511
1477
1431
1567
1434
1478
1475
1480
1523
1487
1536
1439
1476
1508
1436
1434
1468
1483
1552
1540
1464