1223
1183
1221
1211
1174
1287
1198
1217
1264
1150
1200
1201
1212
1166
1215
1203
1199
1278
1285
1235
1191
1244
1230
1258
1143
1132
1240
1230
1190
1200
1150
1270
1196
1248
1204
1198
1271
1170
1209
1158
1280
1239
1270
1183
1269
1299
1166
1204
1198
1262
1193
1176
1262
1187
1138
1217
1348
1196
1218
1256
1275
1230
1228
1249
1191
1172
1206
1196
1241
1246
1244
1195
1259
1240
1202
1262
1199
1272
1235
1192
1191
1177
1257
1212
1255
1188
1253
1205
1194
1183
1219
1235
1186
1259
1195
1195
1164
1216
1218
1191
1259
1263
1249
1212
1252
1292
1200
1183
1216
1198
1189
1287
1215
1214
1255
1174
1222
1208
1169
1240
1243
1208
1252
1243
1244
1219
1247
1246
1172
1223
1236
1248
1232
1219
1190
1256
1160
1260
1247
1230
1252
1213
1183
1248
1169
1260
1217
1221
1259
1209
1203
1234
1265
1201
1199
1216
1270
1210
1270
1239
1225
1259
1251
1170
1206
1161
1287
1229
1226
1201
1197
1214
1217
1238
1304
1175
1207
1231
1297
1179
1256
1216
1183
1211
1231
1214
1241
1208
1240
1302
1239
1192
1233
1211
1242
1195
1176
1244
1183
1184
1201
1195
1159
1203
1218
1214
1206
1212
1200
1181
1226
1137
1150
1263
1262
1205
1250
1315
1237
1229
1228
1251
1193
1265
1186
1240
1214
1211
1244
1263
1222
1237
1214
1268
1212
1206
1230
1281
1235
1221
1206
1216
1208
1262
1212
1177
1189
1169
1149
1222
1131
1212
1224
1199
1205
1246
1217
1171
1265
1310
1258
1203
1246
1267
1228
1243
1193
1246
1220
1192
1235
1203
1219
1217
1230
1094
1198
1247
1230
1231
1193
1173
1198
1264
1290
1220
1191
1188
1196
1159
1216
1217
1190
1214
1217
1257
1143
1242
1185
1204
1120
1245
1224
1196
1174
1231
1179
1211
1270
1264
1246
1194
1239
1170
1219
1204
1260
1253
1234
1230
1240
1249
1219
1211
1204
1297
1212
1229
1168
1234
1196
1272
1240
1217
1243
1251
1235
1200
1218
1189
1222
1270
1232
1237
1201
1216
1183
1267
1219
1232
1232
1225
1231
1236
1220
1231
1222
1244
1211
1192
1189
1273
1194
1241
1238
1251
1280
1142
1228
1207
1214
1220
1201
1260
1223
1251
1201
1248
1217
1223
1212
1216
1214
1287
1211
1218
1185
1211
1218
1262
1164
1223
1206
1199
1255
1313
1188
1223
1219
1272
1244
1197
1213
1161
1224
1211
1293
1179
1171
1201
1210
1186
1203
1220
1259
1217
1189
1222
1200
1231
1247
1209
1231
1217
1212
1260
1168
1217
1257
1199
1198
1200
1233
1211
1167
1228
1225
1195
1302
1213
1275
1275
1225
1180
1251
1204
1163
1180
1240
1248
1216
1241
1235
1203
1215
1193
1196
1243
1208
1259
1213
1324
1228
1194
1207
1222
1181
1206
1272
1240
1282
1208
1252
1228
1250
1223
1185
1216
1232
1214
1212
1253
1259
1269
1277
1248
1220
1208
1185
1261
1246
1252
1222
1227
1199
1308
1222
1247
1204
1222