1217
1222
1199
1218
1203
1259
1211
1259
1210
1243
1207
1167
1196
1173
1225
1232
1194
1228
1247
1149
1210
1232
1275
1200
1252
1201
1205
1200
1242
1213
1274
1190
1240
1232
1246
1202
1248
1184
1243
1186
1241
1192
1225
1221
1248
1203
1287
1211
1218
1170
1244
1156
1212
1196
1212
1218
1203
1240
1208
1208
1231
1197
1194
1230
1214
1223
1236
1220
1243
1159
1254
1244
1255
1240
1256
1223
1249
1219
1214
1290
1158
1239
1270
1241
1168
1226
1191
1213
1204
1242
1149
1240
1220
1225
1248
1239
1166
1239
1206
1229
1182
1248
1207
1251
1169
1298
1267
1228
1259
1227
1236
1247
1268
1238
1220
1240
1259
1270
1156
1222
1188
1201
1176
1280
1155
1204
1192
1233
1224
1146
1176
1302
1141
1212
1211
1211
1232
1247
1180
1194
1197
1241
1180
1211
1270
1269
1254
1212
1190
1187
1185
1208
1185
1187
1165
1185
1190
1233
1187
1208
1227
1188
1161
1232
1222
1187
1206
1284
1203
1209
1248
1234
1190
1206
1172
1211
1260
1174
1236
1272
1273
1198
1206
1254
1243
1181
1208
1198
1228
1266
1239
1232
1275
1236
1219
1199
1160
1198
1218
1211
1254
1142
1196
1244
1207
1220
1230
1225
1245
1177
1234
1212
1242
1254
1250
1210
1232
1178
1170
1219
1234
1168
1246
1238
1199
1220
1255
1184
1234
1222
1185
1176
1183
1212
1190
1254
1232
1196
1218
1164
1171
1223
1199
1247
1227
1249
1143
1250
1222
1215
1267
1146
1227
1265
1205
1171
1232
1296
1203
1183
1213
1236
1216
1212
1173
1289
1191
1287
1221
1282
1194
1195
1180
1230
1244
1213
1191
1191
1250
1204
1191
1227
1225
1246
1198
1197
1181
1188
1219
1219
1255
1264
1196
1196
1214
1215
1214
1272
1174
1236
1248
1217
1220
1227
1254
1168
1216
1213
1143
1200
1201
1264
1175
1220
1280
1272
1252
1227
1240
1194
1207
1269
1240
1207
1225
1143
1220
1224
1223
1167
1201
1223
1227
1267
1265
1197
1187
1153
1234
1191
1185
1219
1161
1182
1271
1186
1292
1270
1247
1252
1263
1202
1226
1166
1287
1264
1222
1249
1211
1198
1223
1237
1226
1236
1257
1145
1212
1219
1213
1211
1280
1191
1229
1245
1184
1177
1188
1152
1249
1242
1174
1175
1212
1236
1248
1235
1280
1215
1225
1207
1216
1236
1209
1256
1211
1261
1233
1264
1177
1280
1197
1182
1193
1225
1160
1221
1260
1197
1233
1202
1242
1227
1286
1238
1224
1313
1255
1263
1188
1284
1252
1223
1234
1258
1267
1208
1237
1264
1292
1193
1222
1235
1263
1221
1216
1240
1269
1210
1201
1279
1216
1172
1249
1198
1233
1209
1207
1219
1216
1224
1266
1193
1193
1228
1239
1204
1260
1211
1234
1224
1251
1224
1130
1260
1251
1200
1172
1205
1255
1191
1197
1217
1214
1255
1166
1214
1248
1244
1262
1221
1273
1164
1203
1221
1192
1201
1206
1197
1191
1216
1277
1185
1256
1191
1258
1191
1266
1176
1225
1259