1389 362.5
1417 352.5
1430 342.5
1556 332.5
1472 322.5
1394 312.5
1428 302.5
1416 292.5
1494 282.5
1504 272.5
1468 262.5
1424 252.5
1336 242.5
1444 232.5
1465 222.5
1526 212.5
1336 202.5
1432 192.5
1425 182.5
1400 172.5
1890 162.5
3712 152.5
3792 142.5
3778 132.5
3856 122.5
3808 112.5
3840 102.5
3809 92.5
3738 82.5
3692 72.5
3728 62.5
3820 52.5
3856 42.5
3824 32.5
3720 22.5
3762 12.5
3764 2.5
2744 -7.5
1520 -17.5
1424 -27.5
1396 -37.5
1424 -47.5
1458 -57.5
1479 -67.5
1492 -77.5
1506 -87.5
1491 -97.5
1456 -107.5
1390 -117.5
1368 -127.5
1364 -137.5
1424 -147.5
1584 -157.5
1544 -167.5
1464 -177.5
1398 -187.5
1441 -197.5
1444 -207.5
1400 -217.5
1376 -227.5
1432 -237.5
1427 -247.5
1444 -257.5
1424 -267.5
1376 -277.5
1504 -287.5
1490 -297.5
1536 -307.5
1472 -317.5
1474 -327.5
1410 -337.5
1350 -347.5
1424 -357.5