1260 362.5
1496 352.5
1427 342.5
1417 332.5
1475 322.5
1440 312.5
1488 302.5
1472 292.5
1462 282.5
1542 272.5
1494 262.5
1483 252.5
1392 242.5
1412 232.5
1488 222.5
1494 212.5
1540 202.5
1427 192.5
1460 182.5
1433 172.5
1972 162.5
3410 152.5
3748 142.5
3777 132.5
3782 122.5
3800 112.5
3905 102.5
3888 92.5
3714 82.5
3776 72.5
3792 62.5
3904 52.5
3812 42.5
3872 32.5
3698 22.5
3268 12.5
2896 2.5
2347 -7.5
1752 -17.5
1581 -27.5
1448 -37.5
1494 -47.5
1492 -57.5
1424 -67.5
1473 -77.5
1457 -87.5
1428 -97.5
1401 -107.5
1506 -117.5
1464 -127.5
1616 -137.5
1522 -147.5
1472 -157.5
1548 -167.5
1480 -177.5
1466 -187.5
1411 -197.5
1486 -207.5
1552 -217.5
1588 -227.5
1521 -237.5
1522 -247.5
1452 -257.5
1464 -267.5
1429 -277.5
1528 -287.5
1452 -297.5
1449 -307.5
1496 -317.5
1414 -327.5
1458 -337.5
1484 -347.5
1520 -357.5