1299 362.5
1572 352.5
1457 342.5
1438 332.5
1482 322.5
1488 312.5
1480 302.5
1462 292.5
1570 282.5
1392 272.5
1444 262.5
1497 252.5
1573 242.5
1516 232.5
1574 222.5
1562 212.5
1449 202.5
1472 192.5
1680 182.5
2008 172.5
2380 162.5
2923 152.5
3266 142.5
3496 132.5
3614 122.5
3800 112.5
3724 102.5
3904 92.5
3841 82.5
3792 72.5
3864 62.5
3744 52.5
3712 42.5
3401 32.5
3228 22.5
2800 12.5
2416 2.5
2160 -7.5
1812 -17.5
1742 -27.5
1614 -37.5
1554 -47.5
1530 -57.5
1454 -67.5
1528 -77.5
1438 -87.5
1447 -97.5
1434 -107.5
1474 -117.5
1444 -127.5
1448 -137.5
1395 -147.5
1291 -157.5
1512 -167.5
1562 -177.5
1464 -187.5
1528 -197.5
1460 -207.5
1444 -217.5
1420 -227.5
1387 -237.5
1397 -247.5
1449 -257.5
1360 -267.5
1428 -277.5
1382 -287.5
1433 -297.5
1349 -307.5
1456 -317.5
1430 -327.5
1444 -337.5
1395 -347.5
1443 -357.5