1408 362.5
1514 352.5
1251 342.5
1369 332.5
1380 322.5
1396 312.5
1384 302.5
1424 292.5
1424 282.5
1448 272.5
1508 262.5
1472 252.5
1432 242.5
1369 232.5
1500 222.5
1526 212.5
1506 202.5
1728 192.5
1924 182.5
1924 172.5
2328 162.5
2600 152.5
2820 142.5
2808 132.5
3264 122.5
3504 112.5
3478 102.5
3720 92.5
3686 82.5
3780 72.5
3728 62.5
3585 52.5
3584 42.5
3332 32.5
3018 22.5
2560 12.5
2312 2.5
2052 -7.5
1890 -17.5
1671 -27.5
1600 -37.5
1552 -47.5
1558 -57.5
1499 -67.5
1443 -77.5
1384 -87.5
1468 -97.5
1371 -107.5
1468 -117.5
1432 -127.5
1504 -137.5
1396 -147.5
1490 -157.5
1456 -167.5
1484 -177.5
1431 -187.5
1404 -197.5
1444 -207.5
1408 -217.5
1396 -227.5
1416 -237.5
1404 -247.5
1444 -257.5
1337 -267.5
1472 -277.5
1416 -287.5
1401 -297.5
1436 -307.5
1472 -317.5
1380 -327.5
1432 -337.5
1380 -347.5
1481 -357.5