1280 362.5
1514 352.5
1509 342.5
1324 332.5
1365 322.5
1383 312.5
1409 302.5
1418 292.5
1518 282.5
1394 272.5
1554 262.5
1433 252.5
1552 242.5
1500 232.5
1518 222.5
1458 212.5
1600 202.5
1756 192.5
1802 182.5
1998 172.5
2136 162.5
2390 152.5
2610 142.5
2762 132.5
2724 122.5
2930 112.5
3432 102.5
3552 92.5
3536 82.5
3530 72.5
3484 62.5
3352 52.5
3219 42.5
2944 32.5
2817 22.5
2608 12.5
2354 2.5
2105 -7.5
2066 -17.5
1956 -27.5
1880 -37.5
1632 -47.5
1636 -57.5
1606 -67.5
1413 -77.5
1484 -87.5
1476 -97.5
1427 -107.5
1480 -117.5
1449 -127.5
1387 -137.5
1440 -147.5
1376 -157.5
1437 -167.5
1458 -177.5
1452 -187.5
1424 -197.5
1472 -207.5
1390 -217.5
1302 -227.5
1432 -237.5
1384 -247.5
1520 -257.5
1456 -267.5
1440 -277.5
1468 -287.5
1358 -297.5
1397 -307.5
1425 -317.5
1459 -327.5
1452 -337.5
1376 -347.5
1362 -357.5