1372 362.5
1516 352.5
1472 342.5
1400 332.5
1378 322.5
1470 312.5
1437 302.5
1456 292.5
1546 282.5
1551 272.5
1557 262.5
1552 252.5
1644 242.5
1622 232.5
1632 222.5
1739 212.5
1794 202.5
1856 192.5
1932 182.5
1992 172.5
2200 162.5
2364 152.5
2503 142.5
2592 132.5
2780 122.5
2742 112.5
2986 102.5
3124 92.5
3233 82.5
3168 72.5
3208 62.5
3157 52.5
2851 42.5
2689 32.5
2560 22.5
2417 12.5
2170 2.5
2000 -7.5
1960 -17.5
1913 -27.5
1720 -37.5
1705 -47.5
1704 -57.5
1584 -67.5
1548 -77.5
1484 -87.5
1419 -97.5
1347 -107.5
1361 -117.5
1403 -127.5
1448 -137.5
1452 -147.5
1464 -157.5
1518 -167.5
1469 -177.5
1348 -187.5
1449 -197.5
1412 -207.5
1445 -217.5
1432 -227.5
1500 -237.5
1384 -247.5
1384 -257.5
1393 -267.5
1409 -277.5
1408 -287.5
1430 -297.5
1353 -307.5
1404 -317.5
1380 -327.5
1340 -337.5
1414 -347.5
1352 -357.5