1336 362.5
1556 352.5
1370 342.5
1402 332.5
1321 322.5
1329 312.5
1368 302.5
1385 292.5
1384 282.5
1587 272.5
1485 262.5
1584 252.5
1560 242.5
1504 232.5
1521 222.5
1544 212.5
1612 202.5
1812 192.5
1812 182.5
1986 172.5
2064 162.5
2224 152.5
2276 142.5
2244 132.5
2528 122.5
2412 112.5
2688 102.5
2588 92.5
2765 82.5
2945 72.5
2841 62.5
2828 52.5
2689 42.5
2732 32.5
2600 22.5
2289 12.5
2176 2.5
2048 -7.5
2068 -17.5
1936 -27.5
1844 -37.5
1708 -47.5
1620 -57.5
1473 -67.5
1568 -77.5
1468 -87.5
1462 -97.5
1552 -107.5
1494 -117.5
1302 -127.5
1300 -137.5
1468 -147.5
1448 -157.5
1472 -167.5
1520 -177.5
1462 -187.5
1324 -197.5
1377 -207.5
1266 -217.5
1389 -227.5
1342 -237.5
1408 -247.5
1360 -257.5
1363 -267.5
1382 -277.5
1362 -287.5
1380 -297.5
1339 -307.5
1376 -317.5
1376 -327.5
1324 -337.5
1400 -347.5
1428 -357.5