1166 362.5
1476 352.5
1370 342.5
1399 332.5
1517 322.5
1360 312.5
1401 302.5
1388 292.5
1488 282.5
1377 272.5
1477 262.5
1422 252.5
1503 242.5
1472 232.5
1633 222.5
1728 212.5
1796 202.5
1881 192.5
1694 182.5
1937 172.5
1874 162.5
2024 152.5
2004 142.5
2184 132.5
2243 122.5
2368 112.5
2259 102.5
2459 92.5
2504 82.5
2377 72.5
2563 62.5
2459 52.5
2268 42.5
2316 32.5
2444 22.5
2312 12.5
1846 2.5
2280 -7.5
1950 -17.5
1956 -27.5
1830 -37.5
1756 -47.5
1700 -57.5
1560 -67.5
1720 -77.5
1576 -87.5
1411 -97.5
1423 -107.5
1319 -117.5
1389 -127.5
1352 -137.5
1312 -147.5
1350 -157.5
1388 -167.5
1299 -177.5
1353 -187.5
1386 -197.5
1544 -207.5
1431 -217.5
1400 -227.5
1436 -237.5
1326 -247.5
1324 -257.5
1390 -267.5
1401 -277.5
1368 -287.5
1320 -297.5
1440 -307.5
1293 -317.5
1304 -327.5
1372 -337.5
1292 -347.5
1377 -357.5