1290 362.5
1416 352.5
1416 342.5
1488 332.5
1520 322.5
1452 312.5
1528 302.5
1448 292.5
1372 282.5
1498 272.5
1561 262.5
1559 252.5
1536 242.5
1532 232.5
1660 222.5
1620 212.5
1728 202.5
1664 192.5
1760 182.5
1833 172.5
1562 162.5
1953 152.5
1842 142.5
2020 132.5
2058 122.5
2073 112.5
2012 102.5
2176 92.5
2178 82.5
2304 72.5
2145 62.5
2152 52.5
2260 42.5
2234 32.5
2264 22.5
2020 12.5
2051 2.5
2032 -7.5
1952 -17.5
1920 -27.5
1824 -37.5
1888 -47.5
1668 -57.5
1801 -67.5
1704 -77.5
1728 -87.5
1618 -97.5
1649 -107.5
1580 -117.5
1545 -127.5
1672 -137.5
1664 -147.5
1604 -157.5
1593 -167.5
1616 -177.5
1476 -187.5
1400 -197.5
1448 -207.5
1464 -217.5
1476 -227.5
1426 -237.5
1408 -247.5
1434 -257.5
1432 -267.5
1458 -277.5
1493 -287.5
1420 -297.5
1388 -307.5
1504 -317.5
1420 -327.5
1578 -337.5
1472 -347.5
1498 -357.5