892
943
927
888
876
879
917
949
936
999
860
950
940
971
905
982
903
961
992
915
983
974
915
976
925
990
910
965
891
929
913
922
924
950
942
971
967
911
908
900
990
951
906
922
971
969
917
927
926
1012
1004
967
941
940
933
982
946
963
910
923
907
959
957
904
971
935
992
964
952
913
931
975
902
1019
988
966
938
864
923
892
920
979
916
941
988
903
976
913
934
985
925
874
1023
951
892
938
923
963
960
892
927
962
1003
894
979
1012
899
947
927
966
934
915
945
899
905
920
875
943
916
963
967
991
929
940
891
921
955
864
964
908
1048
919
881
928
921
914
993
962
939
932
972
960
996
861
980
963
920
909
915
914
915
935
932
935
945
958
925
929
1008
911
947
1028
963
928
965
940
940
936
1043
881
990
906
932
902
963
929
893
906
919
864
953
991
872
920
896
964
961
955
928
901
961
1006
930
927
945
931
931
929
961
876
957
1003
911
958
920
901
923
938
964
945
923
922
944
947
903
926
966
943
931
951
974
928
951
907
948
922
943
924
948
892
978
915
946
908
935
907
968
924
899
911
991
940
905
916
971
988
961
930
977
908
940
913
974
948
953
972
978
926
916
919
943
944
904
965
904
956
960
970
975
956
902
971
988
937
906
960
918
934
975
935
940
920
897
913
875
987
935
935
945
927
971
935
935
896
987
924
947
934
986
977
967
961
923
964
963
957
910
928
941
913
975
909
959
892
963
982
916
937
897
960
887
992
987
983
975
953
940
913
963
886
969
931
844
913
940
955
935
936
930
966
865
946
970
945
897
956
982
919
951
961
911
969
952
901
899
963
950
1002
924
950
924
953
900
1015
980
977
927
907
890
969
921
942
978
988
905
997
934
936
964
930
952
926
911
943
961
874
1010
935
896
986
983
930
1020
918
882
932
928
914
958
956
955
988
940
943
857
989
967
967
954
902
982
928
912
985
896
925
902
959
864
939
964
945
961
995
947
859
931
971
956
1000
926
948
951
940
951
967
1032
959
936
932
907
927
913
988
934
883
927
1020
913
974
920
918
911
970
861
1005
921
944
948
917
899
984
931
984
949
919
914
920
948
909
910
883
916
956
909
961
864
990
926
882
917
948
943
963
908
965
951
933
885
975
962
951
913
959
945
987
963
927
962
932