1335
1302
1294
1248
1318
1276
1295
1286
1244
1292
1255
1280
1288
1271
1151
1268
1224
1224
1234
1249
1228
1210
1359
1297
1238
1286
1279
1257
1242
1215
1226
1225
1210
1203
1267
1234
1212
1237
1276
1196
1353
1259
1227
1247
1326
1201
1235
1191
1256
1246
1221
1220
1260
1256
1214
1217
1282
1318
1290
1241
1228
1310
1269
1295
1274
1304
1318
1284
1246
1262
1341
1238
1232
1227
1240
1305
1204
1231
1309
1229
1220
1291
1204
1239
1303
1240
1276
1234
1255
1262
1268
1246
1264
1301
1315
1261
1265
1293
1219
1240
1300
1215
1273
1276
1238
1254
1262
1287
1305
1240
1289
1250
1217
1244
1309
1253
1257
1267
1260
1322
1303
1282
1288
1257
1244
1265
1273
1275
1292
1220
1304
1187
1241
1336
1291
1281
1278
1310
1276
1314
1226
1267
1232
1340
1255
1314
1222
1264
1190
1242
1222
1327
1264
1276
1364
1330
1285
1256
1232
1265
1252
1255
1273
1276
1298
1278
1286
1307
1231
1212
1247
1267
1248
1301
1265
1308
1275
1262
1319
1282
1278
1242
1230
1242
1242
1240
1286
1209
1220
1198
1249
1235
1233
1192
1245
1268
1277
1280
1249
1234
1262
1232
1360
1283
1292
1272
1247
1270
1351
1267
1259
1282
1271
1364
1243
1314
1280
1184
1326
1289
1283
1290
1302
1282
1333
1287
1322
1248
1285
1258
1286
1244
1279
1175
1271
1247
1218
1262
1237
1313
1299
1264
1290
1262
1258
1255
1314
1247
1228
1283
1221
1259
1245
1248
1230
1305
1213
1250
1215
1196
1228
1239
1343
1275
1320
1300
1274
1296
1238
1266
1303
1286
1295
1303
1210
1314
1259
1253
1268
1253
1246
1243
1208
1294
1223
1271
1235
1248
1219
1287
1225
1315
1325
1218
1279
1296
1282
1247
1314
1249
1312
1303
1275
1239
1330
1206
1247
1267
1265
1344
1304
1263
1252
1208
1285
1280
1196
1233
1252
1311
1334
1182
1245
1325
1270
1237
1263
1229
1331
1236
1275
1306
1318
1264
1259
1271
1260
1316
1271
1290
1232
1209
1248
1286
1246
1268
1312
1190
1253
1244
1262
1263
1218
1281
1273
1258
1282
1283
1344
1254
1182
1220
1277
1308
1271
1269
1262
1228
1263
1282
1235
1227
1313
1326
1226
1293
1229
1254
1253
1241
1284
1275
1255
1246
1158
1259
1334
1298
1275
1321
1299
1309
1206
1221
1287
1238
1247
1252
1304
1324
1259
1319
1241
1320
1300
1297
1276
1285
1308
1239
1213
1255
1273
1250
1249
1217
1248
1223
1205
1268
1260
1267
1299
1275
1333
1309
1270
1280
1298
1237
1235
1337
1217
1305
1211
1253
1258
1218
1303
1236
1288
1208
1230
1223
1277
1270
1257
1206
1256
1246
1274
1293
1336
1243
1255
1279
1231
1253
1173
1291
1300
1288
1232
1270
1287
1288
1307
1331
1319
1264
1253
1303
1266
1294
1257
1320
1308
1264
1245
1301
1253
1202
1250
1241
1291
1264
1212
1308
1273
1262
1289
1262
1229
1239
1252
1233
1228
1251
1243
1271