1607
1550
1584
1552
1513
1578
1572
1540
1581
1546
1605
1548
1558
1584
1556
1567
1579
1608
1526
1518
1431
1561
1544
1504
1540
1582
1532
1504
1575
1515
1563
1591
1531
1598
1561
1588
1494
1547
1529
1522
1496
1609
1550
1564
1519
1566
1511
1530
1558
1578
1552
1596
1472
1563
1539
1576
1532
1561
1477
1515
1507
1543
1523
1476
1644
1553
1541
1440
1548
1573
1596
1559
1540
1566
1560
1593
1592
1547
1583
1609
1475
1489
1525
1534
1542
1513
1602
1545
1543
1599
1614
1604
1539
1553
1590
1519
1447
1543
1606
1552
1611
1553
1591
1550
1497
1591
1561
1608
1561
1585
1559
1542
1528
1548
1564
1581
1557
1596
1572
1600
1593
1524
1567
1592
1551
1544
1592
1542
1585
1541
1558
1534
1537
1573
1600
1556
1572
1585
1568
1553
1476
1500
1569
1608
1548
1558
1587
1531
1599
1498
1574
1526
1571
1542
1537
1505
1536
1554
1592
1540
1572
1515
1644
1567
1531
1567
1523
1575
1596
1515
1525
1552
1584
1549
1528
1540
1579
1511
1573
1503
1541
1485
1593
1611
1551
1576
1586
1543
1568
1566
1511
1478
1525
1567
1562
1563
1540
1607
1487
1512
1518
1568
1565
1557
1529
1554
1562
1463
1559
1565
1505
1550
1615
1607
1554
1518
1488
1456
1529
1528
1545
1559
1587
1611
1571
1505
1528
1568
1535
1572
1536
1595
1560
1527
1540
1556
1579
1625
1573
1476
1575
1496
1542
1596
1554
1606
1513
1566
1576
1605
1508
1532
1513
1596
1536
1503
1573
1596
1511
1590
1490
1535
1516
1516
1498
1500
1505
1587
1577
1548
1580
1597
1584
1583
1594
1555
1568
1534
1622
1594
1569
1600
1596
1550
1610
1559
1600
1504
1600
1628
1586
1516
1666
1496
1625
1559
1574
1488
1574
1524
1548
1504
1532
1550
1545
1577
1483
1545
1483
1509
1576
1473
1566
1551
1572
1551
1589
1466
1612
1520
1551
1536
1539
1602
1534
1543
1521
1515
1577
1524
1551
1548
1530
1548
1564
1479
1578
1582
1562
1550
1619
1474
1550
1472
1567
1548
1494
1513
1595
1496
1540
1574
1504
1558
1571
1597
1531
1520
1532
1585
1531
1593
1556
1542
1520
1573
1490
1536
1523
1587
1553
1532
1559
1600
1548
1569
1488
1520
1673
1533
1561
1523
1515
1554
1560
1587
1591
1519
1482
1558
1545
1540
1529
1580
1531
1556
1516
1584
1597
1538
1566
1556
1525
1543
1559
1523
1555
1552
1593
1532
1521
1557
1574
1508
1564
1540
1597
1519
1535
1547
1529
1560
1531
1580
1529
1534
1546
1559
1502
1493
1558
1563
1563
1598
1611
1568
1593
1598
1485
1499
1571
1558
1516
1521
1526
1526
1476
1542
1618
1631
1538
1565
1575
1550
1549
1595
1566
1528
1590
1495
1590
1594
1516
1543
1608
1522
1524
1647
1554
1507
1532
1506
1521
1613
1552
1534
1571
1571
1614
1574
1527
1500
1601
1587
1535
1548
1568
1496
1592
1622
1527
1575
1574
1534
1526
1574
1547
1511
1578
1531