961
927
920
980
888
931
893
924
958
1009
902
990
947
969
950
894
973
945
942
935
920
907
941
981
887
951
943
947
958
908
903
996
904
919
879
958
938
986
919
962
911
919
870
964
942
925
971
939
916
867
931
921
939
935
949
953
964
891
871
911
993
963
925
964
904
934
980
905
935
891
961
1009
940
921
1000
953
953
968
981
904
952
941
907
961
983
945
910
871
880
865
906
916
946
888
917
910
952
893
956
910
1016
921
913
930
955
864
896
939
850
917
956
947
918
921
907
896
920
908
958
879
872
954
968
943
916
999
889
995
906
937
1006
903
932
988
912
956
925
987
963
938
931
985
947
894
881
909
973
953
909
943
918
959
924
945
932
980
940
931
916
927
928
996
943
1005
945
927
969
886
896
910
934
928
929
928
908
897
887
929
1003
976
891
922
948
964
1008
973
851
954
939
928
917
970
915
941
836
911
961
944
891
975
918
939
964
923
899
951
926
943
996
966
950
961
960
968
837
939
955
912
884
939
920
932
901
908
880
1005
948
956
883
998
976
930
892
929
918
902
960
920
966
955
899
875
933
887
996
949
838
952
924
971
939
932
958
922
953
933
951
921
1043
923
943
951
963
960
1014
939
940
1007
919
955
956
868
938
975
915
948
915
911
916
952
960
929
948
953
902
873
963
929
883
898
888
881
863
926
855
936
928
907
963
975
924
920
907
893
918
984
912
929
923
975
972
957
890
1020
910
918
962
958
873
972
913
916
931
946
952
884
875
909
953
899
943
899
928
935
956
982
945
887
956
955
972
928
938
931
920
974
951
960
930
942
962
967
960
925
913
932
928
955
931
966
956
963
928
930
941
955
926
931
946
920
981
909
937
895
971
940
914
966
987
932
940
947
874
1001
884
960
924
914
970
834
948
911
952
908
954
964
936
916
936
880
926
948
907
899
967
941
924
922
916
927
956
964
1019
922
966
993
952
894
933
1004
944
981
980
962
979
820
951
995
913
916
942
999
883
945
917
914
927
903
983
914
878
942
924
910
918
887
936
939
848
998
931
899
889
972
931
951
930
927
966
973
904
943
976
952
966
902
895
942
928
969
929
990
851
963
940
931
934
966
999
931
846
914
956
955
928
915
958
947
905
957
991
899
878
984
976
956
883
936
962
956