1436 362.5
1506 352.5
1388 342.5
1414 332.5
1424 322.5
1377 312.5
1496 302.5
1436 292.5
1401 282.5
1433 272.5
1543 262.5
1564 252.5
1596 242.5
1712 232.5
1516 222.5
1673 212.5
1673 202.5
1812 192.5
1650 182.5
1736 172.5
1793 162.5
1777 152.5
1912 142.5
2048 132.5
1970 122.5
2096 112.5
2090 102.5
2160 92.5
2248 82.5
2176 72.5
2192 62.5
2328 52.5
2160 42.5
2182 32.5
2216 22.5
2200 12.5
2064 2.5
1932 -7.5
1915 -17.5
1897 -27.5
1924 -37.5
1804 -47.5
1800 -57.5
1636 -67.5
1648 -77.5
1577 -87.5
1608 -97.5
1600 -107.5
1538 -117.5
1428 -127.5
1538 -137.5
1465 -147.5
1402 -157.5
1450 -167.5
1448 -177.5
1436 -187.5
1368 -197.5
1336 -207.5
1341 -217.5
1424 -227.5
1324 -237.5
1282 -247.5
1379 -257.5
1387 -267.5
1388 -277.5
1344 -287.5
1366 -297.5
1384 -307.5
1417 -317.5
1329 -327.5
1392 -337.5
1326 -347.5
1431 -357.5