1221
1212
1236
1217
1251
1213
1238
1271
1278
1260
1295
1295
1247
1205
1260
1266
1210
1251
1256
1239
1323
1237
1256
1224
1220
1241
1245
1190
1230
1198
1222
1244
1172
1165
1245
1234
1203
1210
1233
1270
1308
1232
1224
1236
1243
1187
1243
1180
1280
1279
1191
1192
1301
1192
1241
1238
1293
1170
1248
1196
1227
1199
1258
1214
1211
1257
1224
1260
1236
1229
1194
1252
1222
1245
1238
1310
1212
1256
1240
1201
1215
1261
1214
1281
1263
1199
1282
1249
1259
1248
1201
1224
1261
1236
1254
1244
1217
1233
1224
1165
1248
1198
1241
1190
1200
1238
1243
1234
1217
1236
1210
1243
1214
1243
1264
1249
1224
1196
1263
1287
1233
1176
1196
1303
1256
1181
1191
1257
1227
1203
1260
1276
1233
1212
1208
1191
1229
1291
1254
1209
1274
1231
1224
1210
1256
1215
1208
1241
1253
1255
1226
1242
1232
1226
1218
1219
1263
1244
1270
1262
1248
1262
1217
1224
1292
1240
1222
1207
1222
1203
1236
1239
1226
1247
1277
1264
1234
1264
1219
1263
1280
1273
1240
1153
1238
1204
1254
1268
1211
1207
1233
1230
1310
1247
1215
1245
1305
1264
1235
1217
1251
1274
1287
1256
1268
1255
1283
1225
1227
1265
1233
1250
1220
1265
1207
1212
1232
1229
1274
1213
1273
1287
1286
1180
1314
1310
1254
1251
1277
1253
1273
1188
1234
1280
1266
1252
1209
1231
1267
1259
1235
1245
1245
1208
1242
1276
1282
1242
1277
1248
1231
1249
1254
1283
1232
1307
1216
1237
1236
1232
1228
1219
1304
1268
1277
1278
1246
1269
1202
1201
1240
1297
1289
1265
1269
1224
1170
1288
1284
1259
1222
1255
1221
1246
1206
1223
1183
1225
1244
1226
1267
1219
1260
1258
1239
1185
1184
1253
1205
1232
1190
1254
1279
1199
1230
1226
1298
1206
1254
1243
1239
1222
1199
1318
1222
1223
1251
1236
1262
1266
1246
1195
1221
1239
1234
1225
1272
1251
1216
1254
1248
1247
1287
1272
1240
1270
1260
1288
1177
1255
1218
1270
1162
1224
1235
1211
1290
1251
1197
1287
1244
1209
1221
1251
1279
1207
1219
1301
1259
1233
1234
1279
1194
1258
1208
1237
1231
1250
1260
1240
1270
1231
1233
1243
1236
1214
1208
1237
1252
1239
1271
1244
1230
1226
1230
1206
1234
1242
1211
1211
1215
1237
1280
1216
1274
1283
1295
1287
1233
1257
1198
1298
1265
1191
1222
1185
1276
1219
1259
1179
1239
1265
1272
1247
1248
1230
1308
1246
1271
1263
1210
1232
1271
1228
1242
1215
1274
1217
1230
1290
1220
1231
1215
1276
1189
1192
1151
1200
1233
1286
1212
1216
1222
1242
1232
1224
1173
1240
1219
1240
1250
1208
1213
1204
1255
1222
1149
1267
1239
1159
1234
1308
1244
1213
1196
1230
1208
1196
1200
1241
1258
1254
1220
1225
1224
1212
1278
1230
1275
1176
1235
1207
1200
1251
1247
1254
1198
1222
1260
1250
1240
1259
1241
1232
1214
1208
1284
1252
1288
1190